%YAML:1.0
---
K: !!opencv-matrix
   rows: 3
   cols: 3
   dt: d
   data: [ 2.2550648589389721e+03, 0., 9.1510848034782646e+02, 0.,
       2.2388795993526551e+03, 5.8033386114408052e+02, 0., 0., 1. ]
D: !!opencv-matrix
   rows: 1
   cols: 5
   dt: d
   data: [ -1.7157980028287445e+00, 3.9966684351112218e+00,
       -7.4044297394056631e-03, 4.6929889819118699e-03,
       -5.0597103090073796e+00 ]
